place(-18.291, 1.000, -6.262, "Saboteur", 575)
upgrade(-18.291, 2.350, -6.262, 550)
place(-18.183, 1.000, -3.081, "Saboteur", 575)
upgrade(-18.183, 2.350, -3.081, 550)
upgrade(-18.291, 2.350, -6.262, 1475)
upgrade(-18.183, 2.350, -3.081, 1475)
place(-12.283, 1.000, -3.019, "Minigunner", 2000)
upgrade(-12.283, 2.350, -3.019, 250)
upgrade(-12.283, 2.350, -3.019, 1500)
place(-8.758, 1.000, -0.738, "DJ Booth", 850)
upgrade(-8.758, 2.365, -0.738, 300)
upgrade(-8.758, 2.365, -0.738, 1250)
SetDjTrack(-8.758, 2.365, -0.738, "Green", 268)
upgrade(-8.758, 2.365, -0.738, 3000)
place(-12.468, 1.000, 1.295, "Minigunner", 2000)
upgrade(-12.468, 2.350, 1.295, 250)
upgrade(-12.468, 2.350, 1.295, 1500)
place(-9.627, 1.000, 3.229, "Minigunner", 2000)
upgrade(-9.627, 2.350, 3.229, 250)
upgrade(-9.627, 2.350, 3.229, 1500)
DropTheBeat(-8.758, 2.365, -0.738, 498)
place(-12.637, 1.000, 4.547, "Minigunner", 2000)
upgrade(-12.637, 2.350, 4.547, 250)
upgrade(-12.637, 2.350, 4.547, 1500)
place(-15.630, 1.000, 3.358, "Commander", 650)
upgrade(-15.630, 2.601, 3.358, 400)
upgrade(-15.630, 2.601, 3.358, 2450)
CommanderAbility(-15.630, 2.601, 3.358, 2553)
upgrade(-8.758, 2.365, -0.738, 8000)
DropTheBeat(-8.758, 2.365, -0.738, 2484)
upgrade(-15.630, 2.601, 3.358, 4500)
CommanderAbility(-15.630, 2.601, 3.358, 3027)
place(-9.596, 1.000, 6.269, "Minigunner", 2000)
upgrade(-9.596, 2.350, 6.269, 250)
upgrade(-9.596, 2.350, 6.269, 1500)
DropTheBeat(-8.758, 2.365, -0.738, 1908)
place(-5.339, 1.000, -3.783, "Minigunner", 2000)
upgrade(-5.339, 2.350, -3.783, 250)
upgrade(-5.339, 2.350, -3.783, 1500)
DropTheBeat(-8.758, 2.365, -0.738, 10910)
CommanderAbility(-15.630, 2.601, 3.358, 12175)
upgrade(-8.758, 2.365, -0.738, 20000)
DropTheBeat(-8.758, 2.365, -0.738, 3175)
CommanderAbility(-15.630, 2.601, 3.358, 5483)
upgrade(-12.283, 2.350, -3.019, 9001)
upgrade(-12.468, 2.350, 1.295, 9001)
CommanderAbility(-15.630, 2.601, 3.358, 5853)
upgrade(-15.630, 2.601, 3.358, 14000)
DropTheBeat(-8.758, 2.365, -0.738, 1939)
upgrade(-12.637, 2.350, 4.547, 9001)
CommanderAbility(-15.630, 2.601, 3.358, 6729)
DropTheBeat(-8.758, 2.365, -0.738, 9744)
upgrade(-9.627, 2.350, 3.229, 9001)
upgrade(-5.339, 2.350, -3.783, 9001)
CommanderAbility(-15.630, 2.601, 3.358, 4675)
upgrade(-9.596, 2.350, 6.269, 9001)
DropTheBeat(-8.758, 2.365, -0.738, 2046)
upgrade(-18.183, 2.350, -3.081, 5150)
upgrade(-18.183, 2.350, -3.081, 15115)
CommanderAbility(-15.630, 2.601, 3.358, 1891)
DropTheBeat(-8.758, 2.365, -0.738, 7289)
upgrade(-18.291, 2.350, -6.262, 5150)
upgrade(-18.291, 2.350, -6.262, 15115)
place(3.779, 10.026, 10.746, "Ranger", 4500)
place(1.876, 10.026, 15.251, "Ranger", 4500)
upgrade(1.876, 11.376, 15.251, 1500)
upgrade(3.779, 11.376, 10.746, 1500)
upgrade(3.779, 11.376, 10.746, 5500)
upgrade(1.876, 11.376, 15.251, 5500)
place(-20.598, 9.951, 4.219, "Ranger", 4500)
upgrade(-20.598, 11.301, 4.219, 1500)
upgrade(-20.598, 11.301, 4.219, 5500)
CommanderAbility(-15.630, 2.601, 3.358, 692)
place(-24.726, 9.951, 2.368, "Ranger", 4500)
upgrade(-24.726, 11.301, 2.368, 1500)
upgrade(-24.726, 11.301, 2.368, 5500)
upgrade(-20.598, 11.301, 4.219, 15750)
DropTheBeat(-8.758, 2.365, -0.738, 5594)
upgrade(-24.726, 11.301, 2.368, 15750)
CommanderAbility(-15.630, 2.601, 3.358, 4553)
upgrade(3.779, 11.376, 10.746, 15750)
upgrade(1.876, 11.376, 15.251, 15750)
DropTheBeat(-8.758, 2.365, -0.738, 5704)
CommanderAbility(-15.630, 2.601, 3.358, 10179)
place(-22.149, 9.951, 8.603, "Ranger", 4500)
upgrade(-22.149, 11.301, 8.603, 1500)
upgrade(-22.149, 11.301, 8.603, 5500)
upgrade(-22.149, 11.301, 8.603, 15750)
place(-23.633, 9.989, 5.654, "Ranger", 4500)
upgrade(-23.633, 11.339, 5.654, 1500)
upgrade(-23.633, 11.339, 5.654, 5500)
CommanderAbility(-15.630, 2.601, 3.358, 13769)
upgrade(-23.633, 11.339, 5.654, 15750)
place(4.597, 10.064, 13.959, "Ranger", 4500)
upgrade(4.597, 11.414, 13.959, 1500)
upgrade(4.597, 11.414, 13.959, 5500)
upgrade(4.597, 11.414, 13.959, 15750)
CommanderAbility(-15.630, 2.601, 3.358, 4170)
DropTheBeat(-8.758, 2.365, -0.738, 24881)
upgrade(-12.283, 2.350, -3.019, 18624)
upgrade(-12.468, 2.350, 1.295, 18624)
upgrade(-12.637, 2.350, 4.547, 18624)
upgrade(-9.627, 2.350, 3.229, 18624)
CommanderAbility(-15.630, 2.601, 3.358, 6734)
DropTheBeat(-8.758, 2.365, -0.738, 23138)
upgrade(-9.596, 2.350, 6.269, 18624)
CommanderAbility(-15.630, 2.601, 3.358, 20073)
DropTheBeat(-8.758, 2.365, -0.738, 20073)
upgrade(-5.339, 2.350, -3.783, 18624)
upgrade(-20.598, 11.301, 4.219, 25000)
upgrade(3.779, 11.376, 10.746, 25000)
upgrade(1.876, 11.376, 15.251, 25000)
CommanderAbility(-15.630, 2.601, 3.358, 23076)
DropTheBeat(-8.758, 2.365, -0.738, 35076)
upgrade(-24.726, 11.301, 2.368, 25000)
SetDjTrack(-8.758, 2.365, -0.738, "Red", 31674)
upgrade(-23.633, 11.339, 5.654, 25000)
upgrade(-22.149, 11.301, 8.603, 25000)
upgrade(4.597, 11.414, 13.959, 25000)
